1783706204550 2.8435542583465576 0
1783706204709 3.3493363857269287 1
1783706204884 3.8934741020202637 2
1783706205046 4.686127662658691 3
1783706205232 5.185582160949707 4
1783706205364 5.595768928527832 5
1783706205494 6.855628490447998 6
1783706205644 8.152935028076172 7
1783706205748 7.85255241394043 8
1783706205918 10.375828742980957 9
1783706206086 10.054733276367188 10
1783706206248 12.14876937866211 11
1783706206498 13.625460624694824 12
1783706206622 14.314813613891602 13
1783706206733 15.082664489746094 14
1783706206906 17.637306213378906 15
1783706207078 20.098947525024414 16
1783706207209 17.972415924072266 17
1783706207355 23.112916946411133 18
1783706207486 22.213430404663086 19
1783706207616 28.185283660888672 20
1783706207772 30.644514083862305 21
1783706207882 30.323156356811523 22
1783706207989 32.77274703979492 23
1783706208154 32.70123291015625 24
1783706208302 39.988189697265625 25
1783706208445 39.0828857421875 26
1783706208602 47.716697692871094 27
1783706208741 49.68415069580078 28
1783706208880 50.77893829345703 29
1783706209015 48.035343170166016 30
1783706209176 53.79560852050781 31
1783706209310 58.61856460571289 32
1783706209482 66.9770278930664 33
1783706209656 72.36923217773438 34
1783706209808 69.10716247558594 35
1783706209949 72.58409118652344 36
1783706210099 81.05343627929688 37
1783706210247 79.68499755859375 38
1783706210403 101.67385864257812 39
1783706210581 86.06617736816406 40
1783706210733 98.74017333984375 41
1783706210901 111.4605941772461 42
1783706211030 101.73323822021484 43
1783706211141 111.22831726074219 44
1783706211328 117.12088012695312 45
1783706211505 106.80421447753906 46
1783706211674 118.72549438476562 47
1783706211793 122.90544891357422 48
1783706211981 118.82904815673828 49
1783706212157 128.9747314453125 50
1783706212337 140.0457305908203 51
1783706212523 129.5072784423828 52
1783706212691 120.47267150878906 53
1783706212846 140.50738525390625 54
1783706213045 144.471923828125 55
1783706213205 137.15977478027344 56
1783706213325 174.88900756835938 57
1783706213488 132.03590393066406 58
1783706213622 146.12118530273438 59
1783706213799 153.18783569335938 60
1783706213940 157.60940551757812 61
1783706214049 161.4698944091797 62
1783706214285 153.43507385253906 63
1783706214449 166.68663024902344 64
1783706214604 145.7220916748047 65
1783706214779 158.96060180664062 66
1783706214917 154.10104370117188 67
1783706215074 151.97994995117188 68
1783706215229 139.7760009765625 69
1783706215348 153.7994384765625 70
1783706215503 143.75320434570312 71
1783706215641 147.76998901367188 72
1783706215789 144.89083862304688 73
1783706215905 147.05030822753906 74
1783706216046 152.784912109375 75
1783706216203 140.686767578125 76
1783706216375 152.12472534179688 77
1783706216539 152.1788787841797 78
1783706216751 145.59146118164062 79
1783706216905 146.71009826660156 80
1783706217057 144.99888610839844 81
1783706217224 137.14149475097656 82
1783706217390 135.69337463378906 83
1783706217568 137.797119140625 84
1783706217738 142.36468505859375 85
1783706217836 141.50531005859375 86
1783706217959 121.89471435546875 87
1783706218117 135.9591522216797 88
1783706218250 132.47882080078125 89
1783706218386 132.18905639648438 90
1783706218594 129.82049560546875 91
1783706218771 118.70556640625 92
1783706218954 130.35400390625 93
1783706219102 125.87781524658203 94
1783706219435 114.6855239868164 95
1783706219584 116.34735107421875 96
1783706219749 112.16019439697266 97
1783706219859 128.91470336914062 98
1783706220024 108.05264282226562 99
1783706220178 117.8102798461914 100
1783706220323 112.30986022949219 101
1783706220479 122.2789306640625 102
1783706220769 112.08905029296875 103
1783706220886 109.93932342529297 104
1783706221043 111.63906860351562 105
1783706221210 100.16758728027344 106
1783706221390 113.32166290283203 107
1783706221535 104.27864837646484 108
1783706221725 106.11756134033203 109
1783706222010 103.3974609375 110
1783706222162 103.39723205566406 111
1783706222352 102.55611419677734 112
1783706222500 102.04402160644531 113
1783706222643 100.88737487792969 114
1783706222779 95.84925842285156 115
1783706222945 95.00929260253906 116
1783706223105 96.04747009277344 117
1783706223288 89.84441375732422 118
1783706223408 93.65899658203125 119
1783706223504 88.81964111328125 120
1783706223642 85.2418212890625 121
1783706223819 85.36125946044922 122
1783706223998 87.67149353027344 123
1783706224190 89.47520446777344 124
1783706224339 81.70403289794922 125
1783706224464 77.94540405273438 126
1783706224585 78.3078384399414 127
1783706224730 79.05360412597656 128
1783706224899 86.29524230957031 129
1783706225083 82.96842956542969 130
1783706225251 80.35057067871094 131
1783706225447 76.1843490600586 132
1783706225623 76.08008575439453 133
1783706225800 73.63720703125 134
1783706225966 75.39569854736328 135
1783706226151 71.4744644165039 136
1783706226315 70.71784973144531 137
1783706226426 66.26443481445312 138
1783706226618 72.64094543457031 139
1783706226790 66.78593444824219 140
1783706226983 65.36366271972656 141
1783706227134 63.98419952392578 142
1783706227298 67.97296142578125 143
1783706227464 62.48362350463867 144
1783706227632 66.84222412109375 145
1783706227777 64.07853698730469 146
1783706227879 60.2703971862793 147
1783706228013 61.522037506103516 148
1783706228190 62.3089599609375 149
1783706228417 55.89909362792969 150
1783706228587 50.6909294128418 151
1783706228787 56.85417175292969 152
1783706228981 55.382965087890625 153
1783706229143 57.87834167480469 154
1783706229332 53.10300827026367 155
1783706229594 50.508033752441406 156
1783706229803 52.77699661254883 157
1783706229949 50.97871398925781 158
1783706230143 46.23392105102539 159
1783706230327 49.31946563720703 160
1783706230517 47.66252136230469 161
1783706230684 46.31086730957031 162
1783706230927 49.07865524291992 163
1783706231120 45.54801940917969 164
1783706231254 43.88304901123047 165
1783706231451 44.195167541503906 166
1783706231617 41.58745193481445 167
1783706231821 41.866031646728516 168
1783706231962 40.18385314941406 169
1783706232113 36.77125549316406 170
1783706232266 39.752601623535156 171
1783706232391 37.154052734375 172
1783706232568 37.907798767089844 173
1783706232741 35.64692306518555 174
1783706232917 38.261329650878906 175
1783706233104 31.204376220703125 176
1783706233288 33.41377258300781 177
1783706233482 31.257591247558594 178
1783706233641 25.158220291137695 179
1783706233748 30.002864837646484 180
1783706233886 29.601818084716797 181
1783706234032 28.512170791625977 182
1783706234141 28.8505859375 183
1783706234248 25.354894638061523 184
1783706234416 24.23246192932129 185
1783706234586 24.33464241027832 186
1783706234919 20.95203971862793 187
1783706235084 22.994537353515625 188
1783706235272 22.848533630371094 189
1783706235427 19.2990779876709 190
1783706235589 19.753501892089844 191
1783706235744 17.627124786376953 192
1783706235896 17.237991333007812 193
1783706236149 15.639559745788574 194
1783706236266 17.698816299438477 195
1783706236404 14.718049049377441 196
1783706236618 14.099706649780273 197
1783706236767 13.336658477783203 198
1783706236979 12.628490447998047 199
1783706237179 10.727812767028809 200
1783706237372 12.03378677368164 201
1783706237550 10.354386329650879 202
1783706237695 8.917430877685547 203
1783706237797 9.949786186218262 204
1783706237900 8.064475059509277 205
1783706238094 7.397876739501953 206
1783706238305 5.3697357177734375 207
1783706238482 5.148532867431641 208
1783706238709 4.981499671936035 209
1783706238846 4.181919097900391 210
1783706239016 2.250540256500244 211
1783706239194 3.0118298530578613 212
1783706239370 2.595466375350952 213
1783706239550 2.3888533115386963 214
1783706239765 2.5604405403137207 215
1783706239901 2.052541971206665 216
1783706240021 1.5549428462982178 217
1783706240140 1.6100552082061768 218
1783706240274 2.5646140575408936 219
1783706240488 3.3132660388946533 220
1783706240687 2.896306037902832 221
1783706240832 1.691741943359375 222
1783706240978 2.777041435241699 223
1783706241148 3.3452303409576416 224
1783706241421 1.600138545036316 225
1783706241617 2.6525683403015137 226
1783706241803 2.546344518661499 227
1783706241985 1.5982550382614136 228
1783706242183 1.0534756183624268 229
1783706242385 1.154633641242981 230
1783706242630 1.1589380502700806 231
1783706242787 1.2072904109954834 232
1783706242963 0.9745892882347107 233
1783706243142 1.501879334449768 234
1783706243307 1.6348015069961548 235
1783706243489 1.4579416513442993 236
1783706243732 1.667637825012207 237
1783706243904 1.3704584836959839 238
1783706244050 1.0017441511154175 239
1783706244230 1.1919671297073364 240
1783706244400 1.6676901578903198 241
1783706244588 0.8357813954353333 242
1783706244764 1.2754098176956177 243
1783706244935 1.5332553386688232 244
1783706245234 1.98640775680542 245
1783706245402 0.9946241974830627 246
1783706245599 1.8530024290084839 247
1783706245779 1.059203863143921 248
1783706245969 2.0091450214385986 249
1783706246132 0.9347817897796631 250
1783706246384 1.8597246408462524 251
1783706246543 1.480737566947937 252
1783706246714 1.064488172531128 253
1783706246901 1.3389836549758911 254
1783706247069 2.279198169708252 255
1783706247248 1.4741264581680298 256
1783706247444 1.1134322881698608 257
1783706247635 1.7431799173355103 258
1783706247749 1.4639194011688232 259
1783706247856 1.2190179824829102 260
1783706247964 0.619497537612915 261
1783706248122 1.9720081090927124 262
1783706248274 0.7344914674758911 263
1783706248434 1.3681156635284424 264
1783706248582 1.1708418130874634 265
1783706248708 0.9787792563438416 266
1783706248833 1.5982415676116943 267
1783706248980 0.866104781627655 268
1783706249117 0.4542316198348999 269
1783706249229 1.1976633071899414 270
1783706249335 1.7204855680465698 271
1783706249439 1.3963890075683594 272
1783706249566 1.2036230564117432 273
1783706249693 0.7685608267784119 274
1783706249842 0.7508208155632019 275
1783706249978 0.5795479416847229 276
1783706250085 0.8996068835258484 277
1783706250213 0.9401947855949402 278
1783706250343 0.645149290561676 279
1783706250463 0.502773642539978 280
1783706250606 1.0365616083145142 281
1783706250737 0.3026854395866394 282
1783706250869 0.6893254518508911 283
1783706251006 0.9257602095603943 284
1783706251126 1.0481655597686768 285
1783706251290 0.8897683024406433 286
1783706251500 0.4543403685092926 287
1783706251673 1.1374536752700806 288
1783706251819 1.5129597187042236 289
1783706252001 1.3842965364456177 290
1783706252159 0.9856587648391724 291
1783706252270 1.1983139514923096 292
1783706252390 0.626004159450531 293
1783706252545 0.4241715967655182 294
1783706252679 0.6441798806190491 295
1783706252804 0.9309160709381104 296
1783706252917 0.418106347322464 297
1783706253074 0.9165433049201965 298
1783706253247 0.7907554507255554 299
1783706253416 0.7082839608192444 300
1783706253578 0.818842887878418 301
1783706253771 1.1299574375152588 302
1783706253953 1.0791964530944824 303
1783706254161 0.5014021396636963 304
1783706254303 0.8921016454696655 305
1783706254448 0.6412104964256287 306
1783706254629 0.41749343276023865 307
1783706254804 0.31612417101860046 308
1783706254985 0.3753544092178345 309
1783706255159 1.0738106966018677 310
1783706255296 0.4214340150356293 311
1783706255418 0.6870447993278503 312
1783706255588 0.37304288148880005 313
1783706255763 0.6201835870742798 314
1783706255915 0.6844493746757507 315
1783706256068 0.810732364654541 316
1783706256252 0.895241379737854 317
1783706256396 0.3620074689388275 318
1783706256551 0.3555378317832947 319
1783706256708 1.0037096738815308 320
1783706256823 0.5372065901756287 321
1783706256968 0.25451934337615967 322
1783706257109 1.2057334184646606 323
1783706257279 0.7515196800231934 324
1783706257383 0.7180290222167969 325
1783706257517 1.0139284133911133 326
1783706257658 0.4562269449234009 327
1783706257822 0.6322364807128906 328
1783706257923 0.6699316501617432 329
1783706258085 0.3481419086456299 330
1783706258253 0.2779911160469055 331
1783706258425 0.5696514844894409 332
1783706258572 0.5907976031303406 333
1783706258730 0.5947977304458618 334
1783706258929 0.8652821183204651 335
1783706259050 0.5230709910392761 336
1783706259207 0.752700686454773 337
1783706259395 0.39111632108688354 338
1783706259557 0.4783974587917328 339
1783706259714 0.5106320977210999 340
1783706259893 0.4650987386703491 341
1783706260044 0.42927664518356323 342
1783706260198 0.6188119649887085 343
1783706260391 0.5495768785476685 344
1783706260561 0.4313020706176758 345
1783706260726 0.7474045753479004 346
1783706260891 0.6117196679115295 347
1783706261073 0.6880605220794678 348
1783706261213 0.2424253225326538 349
1783706261414 0.7730331420898438 350
1783706261592 0.4177682399749756 351
1783706261759 0.3341250419616699 352
1783706261893 0.42637985944747925 353
1783706262024 0.27711379528045654 354
1783706262220 0.5278881192207336 355
1783706262365 0.43621116876602173 356
1783706262531 0.41605809330940247 357
1783706262697 0.3897363543510437 358
1783706262840 0.33046263456344604 359
1783706262997 0.4155389666557312 360
1783706263122 0.37929198145866394 361
1783706263258 0.18507951498031616 362
1783706263450 0.46557044982910156 363
1783706263609 0.401805579662323 364
1783706263782 0.507339358329773 365
1783706263897 0.5726121068000793 366
1783706264064 0.707335889339447 367
1783706264269 0.5018150806427002 368
1783706264521 0.3325945734977722 369
1783706264686 0.36302196979522705 370
1783706264833 0.567094624042511 371
1783706265009 0.3254256546497345 372
1783706265200 0.26846691966056824 373
1783706265366 0.44018277525901794 374
1783706265502 0.4956386387348175 375
1783706265677 0.31618577241897583 376
1783706265807 0.22136011719703674 377
1783706265933 0.4047968089580536 378
1783706266062 0.41192394495010376 379
1783706266226 0.10625701397657394 380
1783706266419 0.248434916138649 381
1783706266600 0.5297828912734985 382
1783706266753 0.2613013982772827 383
1783706266947 0.278045654296875 384
1783706267106 0.6829732060432434 385
1783706267226 0.33821916580200195 386
1783706267343 0.20500308275222778 387
1783706267462 0.2590329349040985 388
1783706267583 0.3064095973968506 389
1783706267702 0.2519320249557495 390
1783706267802 0.33699867129325867 391
1783706267898 0.2812862992286682 392
1783706268033 0.16624300181865692 393
1783706268144 0.3420978784561157 394
1783706268254 0.2046399712562561 395
1783706268385 0.1183587908744812 396
1783706268511 0.29859262704849243 397
1783706268628 0.3408157527446747 398
1783706268731 0.49724850058555603 399
1783706268848 0.21292656660079956 400
1783706268960 0.2868809103965759 401
1783706269057 0.12654337286949158 402
1783706269188 0.2749597430229187 403
1783706269294 0.278021901845932 404
1783706269404 0.4114067256450653 405
1783706269540 0.27695220708847046 406
1783706269679 0.4103940725326538 407
1783706269865 0.36010295152664185 408
1783706270035 0.3853602707386017 409
1783706270215 0.28957444429397583 410
1783706270384 0.13321010768413544 411
1783706270526 0.16761863231658936 412
1783706270674 0.26043814420700073 413
1783706270832 0.2883284091949463 414
1783706270997 0.3922904431819916 415
1783706271141 0.34693652391433716 416
1783706271295 0.2158527970314026 417
1783706271468 0.3077695071697235 418
1783706271609 0.22996936738491058 419
1783706271809 0.30066975951194763 420
1783706272009 0.4422864317893982 421
1783706272164 0.39590156078338623 422
1783706272314 0.15237195789813995 423
1783706272482 0.3592550456523895 424
1783706272623 0.24995562434196472 425
1783706272756 0.19826965034008026 426
1783706272916 0.24687102437019348 427
1783706273088 0.2158840298652649 428
1783706273281 0.15978175401687622 429
1783706273431 0.18051189184188843 430
1783706273622 0.21317481994628906 431
1783706273767 0.14957094192504883 432
1783706273893 0.203494593501091 433
1783706274036 0.2614317834377289 434
1783706274176 0.21937435865402222 435
1783706274368 0.17346063256263733 436
1783706274524 0.16741600632667542 437
1783706274661 0.23915986716747284 438
1783706274796 0.2569144368171692 439
1783706274938 0.153414785861969 440
1783706275114 0.27940574288368225 441
1783706275284 0.27402135729789734 442
1783706275438 0.14519190788269043 443
1783706275557 0.27695512771606445 444
1783706275678 0.12166211009025574 445
1783706275816 0.2549453377723694 446
1783706275928 0.1927909404039383 447
1783706276048 0.23532865941524506 448
1783706276187 0.17134183645248413 449
1783706276323 0.17878937721252441 450
1783706276456 0.13876661658287048 451
1783706276569 0.27662399411201477 452
1783706276669 0.21241283416748047 453
1783706276798 0.17414921522140503 454
1783706276907 0.2384190857410431 455
1783706277097 0.18252435326576233 456
1783706277215 0.18793989717960358 457
1783706277331 0.20539723336696625 458
1783706277437 0.19531287252902985 459
1783706277575 0.14465442299842834 460
1783706277721 0.1797514259815216 461
1783706277827 0.19500456750392914 462
1783706277917 0.15079200267791748 463
1783706278044 0.17602702975273132 464
1783706278183 0.14796824753284454 465
1783706278354 0.16713789105415344 466
1783706278473 0.18907347321510315 467
1783706278587 0.2392185628414154 468
1783706278716 0.19642266631126404 469
1783706278829 0.1499628871679306 470
1783706278942 0.15123465657234192 471
1783706279052 0.2550121247768402 472
1783706279171 0.1672753542661667 473
1783706279285 0.15210005640983582 474
1783706279408 0.21448542177677155 475
1783706279546 0.15009135007858276 476
1783706279664 0.12044285237789154 477
1783706279805 0.19549939036369324 478
1783706279974 0.10741978138685226 479
1783706280131 0.11931806057691574 480
1783706280291 0.1865277886390686 481
1783706280423 0.14336036145687103 482
1783706280585 0.15412309765815735 483
1783706280746 0.14599774777889252 484
1783706280977 0.16412842273712158 485
1783706281146 0.144254669547081 486
1783706281298 0.14037814736366272 487
1783706281482 0.1345767378807068 488
1783706281601 0.1784238964319229 489
1783706281760 0.1538943201303482 490
1783706281932 0.1516525149345398 491
1783706282135 0.08266244828701019 492
1783706282308 0.12783227860927582 493
1783706282435 0.1354002058506012 494
1783706282611 0.17325901985168457 495
1783706282779 0.09695848822593689 496
1783706282934 0.16879014670848846 497
1783706283126 0.14495310187339783 498
1783706283292 0.1759302318096161 499
1783706283505 0.11698122322559357 500
1783706283644 0.08600979298353195 501
1783706283788 0.1569094955921173 502
1783706283947 0.12583474814891815 503
1783706284096 0.15640687942504883 504
1783706284253 0.12158174067735672 505
1783706284424 0.14359229803085327 506
1783706284571 0.16321009397506714 507
1783706284797 0.11756401509046555 508
1783706284912 0.17751054465770721 509
1783706285081 0.1373244822025299 510
1783706285207 0.1338966339826584 511
1783706285371 0.15424758195877075 512
1783706285513 0.15041348338127136 513
1783706285676 0.16928887367248535 514
1783706285834 0.17245271801948547 515
1783706285980 0.1528443694114685 516
1783706286094 0.10394445061683655 517
1783706286249 0.12511226534843445 518
1783706286423 0.1408013105392456 519
1783706286599 0.1837804615497589 520
1783706286727 0.16323454678058624 521
1783706286900 0.15145215392112732 522
1783706287060 0.14183861017227173 523
1783706287178 0.17030484974384308 524
1783706287490 0.1539582908153534 525
1783706287649 0.16683197021484375 526
1783706287796 0.1267167329788208 527
1783706287889 0.17280426621437073 528
1783706288010 0.17250028252601624 529
1783706288172 0.16718055307865143 530
1783706288329 0.14699694514274597 531
1783706288529 0.15880772471427917 532
1783706288695 0.13063690066337585 533
1783706288842 0.141728937625885 534
1783706289012 0.10251425206661224 535
1783706289165 0.13711053133010864 536
1783706289309 0.1165505200624466 537
1783706289476 0.2127244770526886 538
1783706289593 0.11882337927818298 539
1783706289697 0.15495814383029938 540
1783706289815 0.16065466403961182 541
1783706289932 0.1287641078233719 542
1783706290024 0.1073228046298027 543
1783706290131 0.13851606845855713 544
1783706290242 0.12011995911598206 545
1783706290354 0.14398640394210815 546
1783706290467 0.12045099586248398 547
1783706290569 0.12499366700649261 548
1783706290670 0.11391368508338928 549
1783706290795 0.16096048057079315 550
1783706290919 0.13581717014312744 551
1783706291050 0.11537513136863708 552
1783706291167 0.09843301773071289 553
1783706291294 0.07332324981689453 554
1783706291433 0.1159932091832161 555
1783706291541 0.136996328830719 556
1783706291677 0.12143243849277496 557
1783706291789 0.08658279478549957 558
1783706291894 0.11397643387317657 559
1783706291989 0.15666833519935608 560
1783706292101 0.08172079920768738 561
1783706292208 0.12647190690040588 562
1783706292341 0.1364474892616272 563
1783706292465 0.14753411710262299 564
1783706292572 0.09126293659210205 565
1783706292693 0.1465023159980774 566
1783706292816 0.08709346503019333 567
1783706292950 0.1316235214471817 568
1783706293080 0.117498479783535 569
1783706293196 0.15456129610538483 570
1783706293295 0.08079221844673157 571
1783706293402 0.0891813412308693 572
1783706293508 0.09868062287569046 573
1783706293623 0.08125949651002884 574
1783706293753 0.1369403898715973 575
1783706293858 0.09606912732124329 576
1783706293972 0.13000167906284332 577
1783706294073 0.08450312912464142 578
1783706294185 0.0906882956624031 579
1783706294306 0.12480495125055313 580
1783706294448 0.12534698843955994 581
1783706294567 0.1286635547876358 582
1783706294699 0.0885973870754242 583
1783706294903 0.11518263816833496 584
1783706295028 0.17808912694454193 585
1783706295134 0.07928702235221863 586
1783706295261 0.13719527423381805 587
1783706295394 0.07340850681066513 588
1783706295577 0.07469387352466583 589
1783706295699 0.09597700089216232 590
1783706295853 0.06173079088330269 591
1783706296027 0.08606363832950592 592
1783706296216 0.11783653497695923 593
1783706296348 0.15465134382247925 594
1783706296530 0.12208934128284454 595
1783706296694 0.05635370314121246 596
1783706296895 0.09865120053291321 597
1783706297060 0.17225784063339233 598
1783706297188 0.09886033087968826 599
1783706297349 0.12014500051736832 600
1783706297538 0.11907292902469635 601
1783706297705 0.11723261326551437 602
1783706297835 0.09743604809045792 603
1783706297931 0.1207161620259285 604
1783706298069 0.10608549416065216 605
1783706298229 0.0874994620680809 606
1783706298432 0.08359991759061813 607
1783706298609 0.0932195633649826 608
1783706298812 0.09138185530900955 609
1783706298960 0.08416781574487686 610
1783706299112 0.07828225940465927 611
1783706299242 0.1265445351600647 612
1783706299389 0.06951507925987244 613
1783706299560 0.11094555258750916 614
1783706299734 0.08039645850658417 615
1783706299938 0.10301336646080017 616
1783706300113 0.1307125836610794 617
1783706300257 0.07560118287801743 618
1783706300401 0.13804297149181366 619
1783706300574 0.12294119596481323 620
1783706300751 0.11121686547994614 621
1783706300894 0.14507438242435455 622
1783706301084 0.10181733965873718 623
1783706301234 0.09196848422288895 624
1783706301388 0.0879952535033226 625
1783706301506 0.11336514353752136 626
1783706301630 0.10017219185829163 627
1783706301800 0.07325217127799988 628
1783706301957 0.10356742888689041 629
1783706302114 0.07016654312610626 630
1783706302266 0.12288244068622589 631
1783706302453 0.07692226022481918 632
1783706302590 0.16368736326694489 633
1783706302699 0.08684171736240387 634
1783706302809 0.08129625022411346 635
1783706302964 0.0838523730635643 636
1783706303149 0.09208877384662628 637
1783706303318 0.11680686473846436 638
1783706303515 0.11432638764381409 639
1783706303674 0.14112943410873413 640
1783706303912 0.1676221489906311 641
1783706304078 0.07316610962152481 642
1783706304250 0.18323060870170593 643
1783706304418 0.057273268699645996 644
1783706304565 0.10429278016090393 645
1783706304731 0.07915753126144409 646
1783706304883 0.08484803140163422 647
1783706305008 0.05987479165196419 648
1783706305251 0.07834583520889282 649
1783706305422 0.13083398342132568 650
1783706305591 0.07445365190505981 651
1783706305737 0.10379232466220856 652
1783706305909 0.0841369479894638 653
1783706306051 0.08588827401399612 654
1783706306252 0.11134736239910126 655
1783706306496 0.11408811807632446 656
1783706306696 0.14511185884475708 657
1783706306883 0.11346123367547989 658
1783706307055 0.08955822139978409 659
1783706307213 0.06605488806962967 660
1783706307365 0.08785910904407501 661
1783706307514 0.10594151169061661 662
1783706307648 0.09373985230922699 663
1783706307789 0.0847868025302887 664
1783706307913 0.06523552536964417 665
1783706308009 0.10578612983226776 666
1783706308132 0.03524446114897728 667
1783706308249 0.0769074559211731 668
1783706308359 0.11319996416568756 669
1783706308494 0.08781812340021133 670
1783706308603 0.09575605392456055 671
1783706308709 0.10509896278381348 672
1783706308826 0.12365807592868805 673
1783706308929 0.1453685611486435 674
1783706309054 0.08644022047519684 675
1783706309166 0.05638547241687775 676
1783706309266 0.11461911350488663 677
1783706309382 0.09097166359424591 678
1783706309511 0.062307581305503845 679
1783706309657 0.05935166776180267 680
1783706309807 0.162658229470253 681
1783706309925 0.12183719873428345 682
1783706310077 0.05335759371519089 683
1783706310193 0.09858851134777069 684
1783706310308 0.07228560745716095 685
1783706310424 0.055926769971847534 686
1783706310538 0.0748664066195488 687
1783706310655 0.07834009826183319 688
1783706310774 0.10520437359809875 689
1783706310940 0.05434679239988327 690
1783706311136 0.08789496123790741 691
1783706311277 0.11001979559659958 692
1783706311402 0.09364501386880875 693
1783706311637 0.10025356709957123 694
1783706311772 0.0975257083773613 695
1783706311946 0.07058185338973999 696
1783706312099 0.10245020687580109 697
1783706312268 0.056903619319200516 698
1783706312380 0.07897545397281647 699
1783706312532 0.09346047043800354 700
1783706312668 0.14926768839359283 701
1783706312899 0.06181325763463974 702
1783706313072 0.08249841630458832 703
1783706313246 0.0600503534078598 704
1783706313429 0.07938209921121597 705
1783706313596 0.08357822895050049 706
1783706313762 0.09111873060464859 707
1783706313934 0.07326490432024002 708
1783706314112 0.05690314620733261 709
1783706314344 0.1059621050953865 710
1783706314520 0.09525993466377258 711
1783706314684 0.09169986844062805 712
1783706314833 0.12376603484153748 713
1783706314976 0.07700997591018677 714
1783706315099 0.06724416464567184 715
1783706315218 0.07126232236623764 716
1783706315377 0.07054799050092697 717
1783706315536 0.06038033962249756 718
1783706315697 0.050427600741386414 719
1783706315859 0.09269959479570389 720
1783706316046 0.06563331186771393 721
1783706316221 0.06009756773710251 722
1783706316404 0.08817306160926819 723
1783706316578 0.08285525441169739 724
1783706316754 0.06291874498128891 725
1783706316920 0.07536376267671585 726
1783706317095 0.05460619553923607 727
1783706317258 0.07742814719676971 728
1783706317411 0.07918638736009598 729
1783706317577 0.07234880328178406 730
1783706317703 0.09744489938020706 731
1783706317819 0.0851435512304306 732
1783706317915 0.07012790441513062 733
1783706318046 0.054389819502830505 734
1783706318170 0.07830677926540375 735
1783706318272 0.07661430537700653 736
1783706318375 0.07662051916122437 737
1783706318483 0.09131424874067307 738
1783706318584 0.07565867155790329 739
1783706318701 0.1367396116256714 740
1783706318800 0.05176367610692978 741
1783706318915 0.06163465231657028 742
1783706319020 0.08606112748384476 743
1783706319136 0.07293569296598434 744
1783706319255 0.10236480087041855 745
1783706319371 0.0755264088511467 746
1783706319483 0.13192275166511536 747
1783706319593 0.04628303647041321 748
1783706319689 0.027203945443034172 749
1783706319799 0.07130560278892517 750
1783706319901 0.09362363815307617 751
1783706320005 0.0982787162065506 752
1783706320122 0.08394720405340195 753
1783706320262 0.08357326686382294 754
1783706320417 0.09240240603685379 755
1783706320588 0.07736586034297943 756
1783706320703 0.043543364852666855 757
1783706320826 0.09540297836065292 758
1783706320967 0.051003050059080124 759
1783706321081 0.08256174623966217 760
1783706321196 0.09151424467563629 761
1783706321318 0.07794046401977539 762
1783706321450 0.07495929300785065 763
1783706321571 0.07610736787319183 764
1783706321683 0.07016045600175858 765
1783706321796 0.07840120792388916 766
1783706321955 0.07984861731529236 767
1783706322085 0.04842298850417137 768
1783706322254 0.06301349401473999 769
1783706322418 0.07140018045902252 770
1783706322586 0.08023540675640106 771
1783706322765 0.0501246452331543 772
1783706322932 0.09097239375114441 773
1783706323098 0.10744457691907883 774
1783706323265 0.07013428956270218 775
1783706323456 0.061941105872392654 776
1783706323628 0.07013639062643051 777
1783706323795 0.04949261248111725 778
1783706323961 0.11716388165950775 779
1783706324131 0.07885683327913284 780
1783706324311 0.07733514904975891 781
1783706324574 0.05985283479094505 782
1783706324735 0.04854436218738556 783
1783706324906 0.10591000318527222 784
1783706325050 0.1071593388915062 785
1783706325215 0.10662470757961273 786
1783706325384 0.06959657371044159 787
1783706325560 0.09301206469535828 788
1783706325741 0.10441359877586365 789
1783706325968 0.04472421854734421 790
1783706326150 0.06091295927762985 791
1783706326328 0.09037046134471893 792
1783706326499 0.07759810984134674 793
1783706326650 0.08237382769584656 794
1783706326780 0.10549629479646683 795
1783706326937 0.07191973924636841 796
1783706327098 0.07653285562992096 797
1783706327241 0.09690195322036743 798
1783706327414 0.052560050040483475 799
1783706327579 0.07565070688724518 800
1783706327752 0.049977079033851624 801
1783706327889 0.05313483625650406 802
1783706328000 0.1254369616508484 803
1783706328150 0.07586128264665604 804
1783706328262 0.06656759977340698 805
1783706328479 0.056224167346954346 806
1783706328641 0.057520993053913116 807
1783706328760 0.04998008534312248 808
1783706328884 0.06755438446998596 809
1783706329008 0.060123689472675323 810
1783706329131 0.05414193123579025 811
1783706329238 0.12150361388921738 812
1783706329342 0.054022859781980515 813
1783706329455 0.0903768241405487 814
1783706329560 0.058194443583488464 815
1783706329670 0.06933961808681488 816
1783706329776 0.03985301032662392 817
1783706329877 0.06730274856090546 818
1783706329988 0.04548123851418495 819
1783706330087 0.08463425934314728 820
1783706330178 0.08493038266897202 821
1783706330280 0.07531636953353882 822
1783706330390 0.09265317022800446 823
1783706330499 0.08469296991825104 824
1783706330636 0.09512617439031601 825
1783706330750 0.05801535025238991 826
1783706330846 0.12157822400331497 827
1783706330942 0.03818393498659134 828
1783706331039 0.11496658623218536 829
1783706331143 0.044142767786979675 830
1783706331248 0.13838660717010498 831
1783706331358 0.0635766088962555 832
1783706331474 0.14393123984336853 833
1783706331576 0.08774864673614502 834
1783706331666 0.10942510515451431 835
1783706331774 0.09019237011671066 836
1783706331893 0.09375713765621185 837
1783706332010 0.09534559398889542 838
1783706332125 0.02112967148423195 839
1783706332311 0.0704784169793129 840
1783706332412 0.11120585352182388 841
1783706332523 0.07720949500799179 842
1783706332648 0.08048989623785019 843
1783706332790 0.067201629281044 844
1783706332909 0.1358674168586731 845
1783706333035 0.06753207743167877 846
1783706333160 0.10346303880214691 847
1783706333275 0.051696814596652985 848
1783706333384 0.07917551696300507 849
1783706333487 0.054658010601997375 850
1783706333587 0.05089086294174194 851
1783706333719 0.07968385517597198 852
1783706333883 0.14427223801612854 853
1783706334046 0.04828250780701637 854
1783706334181 0.07815144211053848 855
1783706334353 0.05335689336061478 856
1783706334520 0.06452734768390656 857
1783706334687 0.0794089287519455 858
1783706334850 0.054067835211753845 859
1783706335020 0.11430889368057251 860
1783706335195 0.04435870796442032 861
1783706335349 0.10094328224658966 862
1783706335513 0.06354258209466934 863
1783706335682 0.042628973722457886 864
1783706335829 0.07842914760112762 865
1783706336015 0.02817046456038952 866
1783706336167 0.048618026077747345 867
1783706336335 0.05712130665779114 868
1783706336516 0.06132996454834938 869
1783706336672 0.04257003217935562 870
1783706336839 0.09361888468265533 871
1783706337005 0.0569324865937233 872
1783706337267 0.07771234214305878 873
1783706337429 0.039231523871421814 874
1783706337612 0.0774291455745697 875
1783706337788 0.033390942960977554 876
1783706337904 0.05443450063467026 877
1783706338008 0.039667051285505295 878
1783706338133 0.07948413491249084 879
1783706338247 0.08801370114088058 880
1783706338377 0.045830950140953064 881
1783706338491 0.0499374121427536 882
1783706338597 0.07860087603330612 883
1783706338726 0.052419185638427734 884
1783706338853 0.05653930455446243 885
1783706339004 0.06082446873188019 886
1783706339127 0.029006635770201683 887
1783706339244 0.05202774703502655 888
1783706339350 0.0832948088645935 889
1783706339476 0.05904633551836014 890
1783706339598 0.0852808803319931 891
1783706339713 0.07073011249303818 892
1783706339820 0.059099115431308746 893
1783706339913 0.03352644294500351 894
1783706340029 0.10496465861797333 895
1783706340136 0.06390946358442307 896
1783706340245 0.08805514127016068 897
1783706340358 0.06185072287917137 898
1783706340482 0.06772498041391373 899
1783706340618 0.053462572395801544 900
1783706340736 0.1532181203365326 901
1783706340850 0.058486443012952805 902
1783706340970 0.060157716274261475 903
1783706341080 0.08906907588243484 904
1783706341178 0.07495219260454178 905
1783706341292 0.07164382189512253 906
1783706341435 0.06492037326097488 907
1783706341556 0.07205955684185028 908
1783706341667 0.05125072970986366 909
1783706341785 0.03928909823298454 910
1783706341902 0.08309571444988251 911
1783706342079 0.11874926090240479 912
1783706342270 0.06776931136846542 913
1783706342435 0.0683286115527153 914
1783706342569 0.05705423653125763 915
1783706342705 0.06304751336574554 916
1783706342850 0.029221542179584503 917
1783706342971 0.040732722729444504 918
1783706343142 0.07590535283088684 919
1783706343281 0.06330333650112152 920
1783706343497 0.10450224578380585 921
1783706343627 0.06209055706858635 922
1783706343736 0.04954768344759941 923
1783706343854 0.0843808576464653 924
1783706343989 0.05265119671821594 925
1783706344170 0.06228046119213104 926
1783706344310 0.06766766309738159 927
1783706344424 0.03301494941115379 928
1783706344566 0.05295620858669281 929
1783706344723 0.082079216837883 930
1783706344866 0.03572354465723038 931
1783706345032 0.05394337326288223 932
1783706345196 0.0352431982755661 933
1783706345347 0.048663947731256485 934
1783706345532 0.029863962903618813 935
1783706345736 0.05870785191655159 936
1783706346766 0.05769594758749008 937
1783706346892 0.018442315980792046 938
1783706347040 0.039301782846450806 939
1783706347211 0.04093630611896515 940
1783706347373 0.07893408834934235 941
1783706347550 0.07954303920269012 942
1783706347731 0.08585450798273087 943
1783706347869 0.0801764726638794 944
1783706347964 0.08245033770799637 945
1783706348093 0.08851239830255508 946
1783706348292 0.059952765703201294 947
1783706348533 0.03218899667263031 948
1783706348672 0.07874470949172974 949
1783706348832 0.0611596554517746 950
1783706348985 0.040750160813331604 951
1783706349142 0.06991246342658997 952
1783706349311 0.060776110738515854 953
1783706349474 0.07098539918661118 954
1783706349589 0.14187026023864746 955
1783706349708 0.06362653523683548 956
1783706349827 0.1098090410232544 957
1783706349977 0.06305774301290512 958
1783706350111 0.07468274235725403 959
1783706350256 0.03981407731771469 960
1783706350409 0.024173719808459282 961
1783706350590 0.10017728805541992 962
1783706350752 0.029793530702590942 963
1783706350923 0.06999059021472931 964
1783706351179 0.0738699734210968 965
1783706351283 0.048754993826150894 966
1783706351408 0.05650760233402252 967
1783706351577 0.043543197214603424 968
1783706351699 0.04753151535987854 969
1783706351845 0.027995048090815544 970
1783706352001 0.058730464428663254 971
1783706352125 0.03595992550253868 972
1783706352261 0.03020363673567772 973
1783706352399 0.047832295298576355 974
1783706352555 0.12461933493614197 975
1783706352729 0.0908472090959549 976
1783706352893 0.04712587594985962 977
1783706353077 0.07101541757583618 978
1783706353243 0.03728115186095238 979
1783706353375 0.12491179257631302 980
1783706353563 0.0427655428647995 981
1783706353744 0.033631905913352966 982
1783706353895 0.0444205142557621 983
1783706354113 0.06310012936592102 984
1783706354255 0.03269362077116966 985
1783706354420 0.09468880295753479 986
1783706354573 0.03590807318687439 987
1783706354742 0.09787707030773163 988
1783706354918 0.0570245161652565 989
1783706355123 0.03194368630647659 990
1783706355280 0.08382907509803772 991
1783706355454 0.06681372225284576 992
1783706355609 0.04725256562232971 993
1783706355773 0.058464065194129944 994
1783706355952 0.028137221932411194 995
1783706356143 0.039691440761089325 996
1783706356314 0.046727702021598816 997
1783706356476 0.05445808544754982 998
